454

661 (16611 G) 188, 6. 166666 611-
6611616 161116 661 162, 10.
1616616661 uidendum 181, 18.
territorias in miraculis 6661166168,
14.

Index uerborum

10. 1116166616 6166666 monumento
111, 10. 6616666166 mirati 661666
185, 4. - 661 6161666, 6616 (--
661 6666)116661616166 164, 13 ef.
Boemet, 7616116. de 01666. 580.

16616 = 86661611 6111 1661661 16 unguentum 188, 3. 11.

homine 174, 18.

unguere 186, 6.

testimoninm: 616 testimoninm 189, 4. 6666 pro 61116616 indefinito 666166-

1666666616 166, 17.

116666 (= 11166666) 666661161 (eon-
66166161 G) 168, 11.

tollere: 666 6616111111 66 1666 16111
161, 18. 16 6616616 sublatam 161666
170, 17. = sumere: 6166661611661
seeum 186, 90. 1611661 1616 666661

161,· 16116 6166 666 66616616 666661
666116 164, 17. 66666166 66661
66611661 181, 12. uidimus in 666

angulo 166661666 117, 18. - nnus 1

-aiiue2 176, 3. 179, 2. 61666616
66616 requiescunt 178, 18. 1666
166166 16 66661 1666166 6661163, 8.

167, 11. 16666616 16111161 exinde neque: 16 (16166166 66666 661 inuenta

171,Δ 9.’ 175, 15. exinde bene·
1161166616 1611661 171, 10. 6666-
dictionem 16111666 190, 9.

6616161 6661 gressus L 172, 10.

66666 hactenns 189, 8. 66666 16
hodiernum diem 179, 23.

temne: 66111 inninagogn 161666 161, 66666 1661 6661161666 6616616161

14.

161, 1,

tormenta = Ρ611611661166666190,21. 61 cum indicatiuo: 116 61 161661

tntum 6166166 66 6661 totum 1161666
611 186, 14.

116616 161, 16.

1166 (0) = 1116 162, 13. 170, 14.
175, 3.

6666661661 (d, -661 11) 179, 6. 116
61 16616 666 1116661161 (G. -6161 R)
179, 15. 116 61 16666616 tollitur (G)
174, 9.

166661 -- triginta: 6116111 11116 tu· vedere: 616, 6666 66111 16 Gaze 179,

61666 (16616660) tricenae 182,1.

10. 66161666, 661 66111 61 8166 ³

181, 2.

Ubi = quo: 661 66666111 169, 13. ualde: sterilis 66116 186, 3.
661 1661 172, 4. nbi 616661 186, nes: 66661 impletus (G, -nm R) 166111

21. 66166666 6661661 187, 13.

188, 5.

ultre: 166666166616 6661161661 61116 66611166 heremi 185, 15. 187, 3.
1171661 XVII 181, 11. 6111616666 nel = et: genicio. 61661666 661 di-

616616 188, 16. - 61116 666 66-
parebit 616116 173, 3.

unde: 1666, 6616 exsurgit (166166)
160,1. 6666, 6616 conplent 616666
178, 3. 6616 6166661161166616 1661
185, 9. 61116, 6616 616166 plenas
uenales proponuntur 169, 9. 661-
666166, 6616 116666 conficitur 168,

661616 generibus telarum 160, 9.
661 ciuitates 661 61666 Samariti-
norum 184, 12. 161616 66116 1116
ripn 168, 9. ubi 161116616666 661
16661 61616616 in 6616616 170, 10.
661 Esaiae 6 66116 6666166 661661
16661 180, 4. 16661 01666666 661
multa 6616616 6666161661 170, 11.

 

