’ 66 Siluium. 397

666666166166116 ogere 93, 2. 21. 24. 27. 69, 10. 95, 6. (comparo usum

96, 14, praepositionis 6 48, 10. 68, 6. 77,
contra: 6661161616166663, 17. con· 4. 82, 4.) 6161161661, ambulare, 66-
116 faciem Iericho 50, 29 (-- Dout. 666616 616. 66 43, 16. 46, 16.
32, 49). - 666616. psalmi, 166 47, 6. 50, 1. 18. 52, 15 (652,
661 66616 61666161, quum 661 cou- 17). 53, 9. 55, 26. 66, 30. 61,
11666161675,17.-666611655, 7. 62, 6. 69, 4. 14. 70, 30. 72,
1. 4. de 666116 38, 30 (= P. I). 29. 82, 5. 83, 21. longe, prope 6616
120, 14). 43, 21. 47, 16. 54, 8. 68, 66 47, 10. 52, 20. 60, 24. 62,1.
25. 6 666116 59, 12. —- 66 661116, 66 11616116 54, 28.
6661161166 esse = obstare 100, 29. 58, 28. — 66166 6111166 66166-
6661116161199, 23. 6616, 6 666 66 Thebaidem 166166
conueniens: 6161116166 616666661666 49, 22. 66 66116 61166 781825.
99, 29. 85, 19. 93, l. 17. (a 66116 primo
conuenire 6161611666 94, 21. — con· 85, 8.) 61. 79, 28. 87, 23. 82, 23
66611616 66616616 661616 83, 8. in (6 79, 27). - 66616616 6116616 66
Eleous 85, 28. bic 161616 166687, 611666 58, 15. 64, 26. — loeus 66
26. 66 Martyrium 83, 8. 90, 4. castro 6666116161 016666 46, 25.
cooperire 54, 22. 28. - 66616616 habet 66 66 gratiam
cooperculum 59, 24. grandem 39, 26. - 6616166166-
16 6616616 6666 67, 30. 71, 4. ctos: 61116 66 66616616 40, 9. simi·
, corrigiam soluere 42, 23. 43, 13. 61. 1116145, 2. 46, 24. 48, 13. 62, 23.
Erod. 3, 5. 90, 23. 66 616 procedere 68, 21.
corrupto 6616666 Sedima 6666116161 6666 fluit 66 66116 52, 13. 27. 61.
56. 16. 59, 716666 66 66616666 interiori
6611166 76, 13. 616116172, 8. rubus, 66 6661666-
616611666161661661166,11611616183,7. 166 661 6666 42, 18. 43, 11. 161-
6166616 6616 62, 16. rentem, 66 666 6616611 Moyses
6611166161 agri 50, 5. filios Israhel 44, 4. 66 66 16116616
666 praepositio cum 6666161166 666 666616 bibebat 59. 6. - 1161116166-
661616166 64, 14. 61661 666 166- positionis 66 similis est 6611611111
661661617120. partitioni quilici: 66661661 nobis
661111 ibi 6616 fluminis 1111148, 12. 6111661661. s. 66 661611 40, 10 61.
cursor 11666166 60, 18. 62, 27, 64, 0. 5816. 66 6611116 Moysi 6666661661
13. 44, 5. - 66, ubi 6666116611 66-
confoditur, 66 6616 lugubris transeut spectes: 1666666616 66 castris 66-
64,15. 66616666188, 12. 1661 51, 15. 61. 43, 28 (= P. D.
121, 6). 67, 8. 616616 hostio 66

Dure 66666 96, 19. basilica Anastasis 75, 2. 6161161 66
66, ubi sb exspectes: habebut 66 66 ipsa 66616616 68,14. episcopus 1661
1666 66666 66666166 66166111661 166166, i. 6. 66 Segor 54, 24. (611-
milia 37, 13 (a 47, 2). 61. 69, 22. 161 61666661 66 1616661166 51, 5.)
48, 18. 54, 26. 60, 23. 63, 6. 68, 6666116166 66 ligno 666616 88, 11.

 

