400 Index uerborum

2647, 2. 6. 49, 9. 50, 18. 51, 4. 53, 28. 60, ll. 65, 27. 66, 25. 1
12. 29. 52, 6. 12. 18. 26. 53, 2. 79, 8. 82, 15. 94, 21. 98, 2251 1
14. 18. 56, l. 8. 10. 23. 29. 57, illud 511555 96, 18.
6. 16. 21. 23. 58, 4. 15. 23. 60, eulogia = donum 40, 10. 19. 52,
3. 62, 8. 28. 63, 18. 64, 7. 65, 5. 25. 58, 1568, 22. 5
13. 66, 11. 69, 23. 32. 70, 6. 72, ex: proficiscentes ex Remesse esque
4. 73. 8. 28. 74, 5. 76, 22. 30. ed montem dei 50, 16. ex monacho
82, 7. 20. 27. 83, 4. 10. 17. 84, 49, 7,23.57,1.69, 19.
20. 86, 32. 88, l. 10 89, 6. 94, excelsus mone 38, 20 (= P. D. 120.
10. 15. 100, 15. 101, 1. uide 55 9. 25). 23. 53, 10. 15555 54, 10.
sicergo, itaque ergo. 5555515, 5, is: 75, 13. 78, 5. 85, 31.
eruditus 15 seripturis 49, 824. 95, 29. 96, 12. 5555515 51-55555-
5555 = eibue: 1551555551 concupi· rit 79, 7.
scentiam escarum 44, 7. 555555 51 exemplar = Absehrift 64, 25.
555555 portabat 59, 6. 5555 eorum exigere = fordere 81, 6.
quadragesimarum diebus 81, 8. eximia 5115 60, 12.
51 ·-- etiam 38, 30. 39, 24. 41, 25. 55515515555551 filii Israhel 47, 23 51.
42, 3. 45, 26. 46,10 5555155. κ 11551. 13, 20.
5555 5151515 ecee. — 115 51 ante· exorcizare 97, 13.
555155155155153, 24. 66, 21. 73, 4. exponere 5551515555 97, 21. symboli
97, 28. — nem et 39, 7. 42, 2. rationem 97, 27. cf. etiam 98, 6.
43, 16. 44, 24. 47, 15. 18. 48, 2. 7. 99, 5. 13. 19. 23. 24.
12. 49, 8. 11. 51, 9. 14. 52, 23. 55155 = praeter 66, 6.17.76,11.
54, 15. 55, 10. 58, 2. 61, 19. 62, 78, 6. - extre eorpus 5555 718
17. 63, 27. 67, 15. — 515515148, cf. 2. Cor. 12, 3.
3. 45, 2753, 12. 57, 22. 59, 20.
60, 2. 27. 63, 33, 67, 27. 73, 3. F abrica: 5511651555 48, 22. 56, 18.
78, 14. 23. 26. 79, 2. 81, 20. 91, 76, 18.
11. -55555551555515555191, 10. - fabricare 64, 2. 68, 7.
51 5140, 25. - 551 5151, 32. 151515 = 0555νᾶ51 68, 2,
72, 11. 73, 7. 83, 18. 84, 7. 91, 1551555155115155151151551)5551541,
14. 98, 22. 100, 3. 555 solum, sed 15. Nebeu 551 eontra 1551555 15-
51 54, 9. 70, 24. 71, 15. 77, 18. richo 50, 29 5111551. 3249.
80, 30. 82, 14. 100, 19. —licet fecere: 1551155 missa 85, 25. 155555
51 41, 29. - 51 1555 53, 25. 55, aquam=aquari 45,27. 1555515555
28. 62, 18. 67, 6. 75, 14. 89, 22. 43, 1. oblationem 42, 26 515. 555-
94, 26. 100, 4. - 51515151 75, 3 tionem 42, 26 515. 5151155 70, 13.
15515555151587,131-515555 - faciens 5515 55155555 69, 1.
42, 24. 155555 integras septimanae ieiuni·
511555 passim, circiter 55155155, quo· orum 81,2.151, qui faciunt ebde-
que deest. 555155 80, 24. = 5555155555, neele:
511555 51 43, 12. 44, 8. 10. 45, 4. fecimus ibi biduum 66,11. 5161.
10. 15. 32. 49, 11. 51, 3. 52, 29. 31. 69, 5. 70, 10. ef. Journal os

 

