5681151551.

Iohannis 58, 1. similiter 49, 4. 551655
1. 5. quadragesimas 78, 11. 2) 555-
1155511 notiones 1115511555, uelut: in
11511515151515551151515 50, 23. enm
1151111155 aliquantis. i. 5. 1555551115
51, 6. 55515515 maior, i. 5115161·
rium 90, 20. 91,17. 22. 83, 8. 10.
84, 16. 93, 4. 28. 95, 7. 96, 25
515. 31 uerbum 151155 5515555-
51515511,55151.· propositi 5151 ad

405

22. 81 515. - 51151551515-11515
87, 2.

1151 habere 50, 21. 60, 30. 68, 27.
156115 1555111 56 16515555188, 10.
45, 1. 70, 13551 iter reuerti 46,
13, 55, 17. eodem 1615515 46, 18.
1651 55511515 1555151 5515554615.
555515551551 1151 55515 46, 17.
115, perexire iter 55515 59,10. 58,
27. 5151551555151651155515 70, 14.

Asiam 555565561, 1. e. 11155551 71, 1151565 40, 28. 44, 22. 52, 1. 664,

2. 56151155] 65555 51115, 1. e. 56 12 (sortasse pro 1151515).

5151151551 Arabiam 46, 27. maturius iubere: quae 15555151 6555 Moysi 51

fit 151555, 1. 5. 5515 551551 80, 9. 6515514426. iubente deo 60,11,

5151151 51511551, i. 5. qni 15165155 25. 28. 68, 26.

5556 90, 14 ete. 39, 25. 40, 29. iunximus 555 65555 5651515 rubrum

41, 26. 44, 14. 20. 45, 26. 29. 46, 46, 14.

13. 27. 29. 47, 2. 48, 8. 2649, 15555 65159, 6. 68, 20.

4. 50, 14. 28. 26. 51, 5. 6. 58, 155551519014.

30. 55, 2. 56, 21. 57, 1. 58, 1. 15115 5655157551115115515151555·

1530 passim plue quam eentum 515115155611555140, 16. 51. 68, 15.

loeie5 155115 551155 hoe 551. 15, 42, 22· 62, 17· 68, 7· ·· 11191·

5501 pron. 1511551555 exspectes.- positio = secundum: 15115 555·

15655 65651516, quid 51 65155685, suetudinem 42, 28. 47, 18. 48, 8.

14. 53, 2. 56, 26. 58, 26. 72, 14. 74,
165 5515 5615511555 sequente 5641, 8, 28. 75, 11. 76, 26. 28. 79, 18.

75, 18. — 115 55 51 38, 24.41,1. 15165 scripturas 87, 3. 45, 19. 47,
8. 1511511556 ei 155151 1555151515

59, 19. - cum 5515111555 15115
aqna 58, 6.

55165 etiam 51551.

1515, quem 51655 57, 12. 59,25.63,14.
64, 5. = hic 41, 2. 56, 17. 57, 13.
20. 62, 29. 63, 1. 79, 7. - 5555

1515 fundamenta - hae nunt 57, 111115 eleyson, quod dicimus 555 511-
7. 5555 1515 (11555 55165 eod.) 515 551515 6515155 72, 18.

- 11555 551 57, 12. hodie 55565

1515 85, 29. hie conuenire 15 1515 Laetitia celebratur 76, 30. 77, 7.

155587, 27. 10. pro laetitia 155155 6151 77, 16.
itaque ergo 98, 7. 43, 7. 51, 2. 58, 155555 habebat 1555 5515 55 qnasi
. 8. 26. 55, 26. 59, 10. 60, 29. 61, 15555157, 27.

7. 12. 25. 62, 7. 10. 85, 28. 99, 15 lacrimis 5155511 74, 4. 85, 17.

17, antecedente qnoniam 88, 7. 1515151571,15.74,13.77,18.

48, 7. 62, 7. 99, 17. 1115551187, 19.

11515 44, l. 3. 6. 54, 28. 55, 4. 19. 155555 15155115 86, 29.

58, 27. 60, 7. 71, 26. 29. 72, 15115555151170, 4.

 

